[
	[ 1 2 3 4 5 Eb ]
	[ 1 2 3 C1 ]
	[ 1 2 3 4 5 7 Eb ]
	[ 2 3 5 7 ]
	[ 2 3 4 6 7 Tf B ]
	[ 1 3 4 5 Cs ]
	[ 1 2 3 4 5 7 Ta Bb ]
	[ 2 3 5 ]
	[ 1 2 3 4 6 7 Tc ]
	[ 1 3 4 5 Eb Bb ]
	[ 1 2 3 4 5 7 8 Tf ]
	[ 1 2 3 4 5 6 Bb ]
	[ 1 2 3 4 5 6 C1 Bb ]
	[ 1 2 3 5 6 7 C1 Bb ]
	[ 1 2 3 5 6 Tc Eb Bb ]
	[ 2 3 5 6 8 ]
	[ 1 2 3 4 5 6 C1 Tf Bb ]
	[ 1 2 3 4 5 6 7 Eb B ]
	[ 1 2 3 4 5 6 7 Eb Bb ]
	[ 1 2 3 4 5 6 8 Bb ]
	[ 1 2 3 4 5 Ta Bb ]
	[ 1 2 4 5 6 Eb Bb ]
	[ 1 2 3 6 7 Tc ]
	[ 1 2 3 4 5 7 8 Bb ]
	[ 1 2 3 4 6 7 C3 Cs ]
	[ 2 3 4 6 7 Tf Bb ]
	[ 1 2 3 4 5 7 Bb ]
	[ 1 2 3 4 5 6 C1 Tf Bb ]
	[ 1 2 3 4 6 7 8 Cs ]
	[ 1 4 C5 ]
	[ 2 3 ]
	[ x 2 Ta ]
	[ 1 8 p C3 ]
	[ 1 2 4 C5 ]
	[ 2 3 4 5 6 8 ]
	[ 1 2 3 4 6 7 ]
	[ 1 2 3 4 5 6 Tf B ]
	[ 1 2 3 C1 Gs ]
	[ 1 2 3 C2 Gs ]
]
[
	[ 1 2 3 4 7 8 ]
	[ 1 2 3 4 8 Bb ]
	[ 1 2 3 4 5 8 Bb ]
	[ 1 2 3 5 6 7 ]
	[ 1 2 3 4 7 8 Eb Bb ]
	[ 1 2 3 4 7 8 Tf Bb ]
	[ 1 2 3 4 5 7 8 Tf ]
	[ 1 2 3 4 5 6 8 Eb Bb ]
	[ 1 2 3 6 7 8 ]
	[ 1 2 3 4 5 6 7 Eb Bb ]
	[ 1 2 3 4 5 7 Bb ]
	[ 1 2 3 8 Eb ]
	[ 1 2 3 5 7 8 ]
	[ 2 3 4 ]
	[ 1 2 3 4 6 7 Bb ]
	[ 1 2 3 4 5 7 8 Eb Bb ]
	[ 1 2 3 4 5 6 Ta Eb Bb ]
	[ 1 3 4 5 6 Eb Bb ]
	[ 2 3 4 5 6 Tc Bb ]
	[ 1 2 3 4 7 Bb ]
	[ 2 3 5 6 8 Bb ]
	[ 1 2 3 5 6 Tc Bb ]
	[ 2 3 4 5 6 C1 B ]
	[ 1 2 3 4 6 7 ]
]
[
	[ 1 2 3 4 5 C3 ]
	[ 1 2 3 4 C5 ]
	[ 1 2 3 4 5 6 7 C1 Eb ]
	[ 1 2 3 4 5 7 C4 ]
	[ 1 2 4 5 6 7 8 Bb ]
	[ 1 2 3 4 6 7 C5 Bb ]
	[ 1 2 3 4 5 6 C1 Bb ]
	[ 1 2 3 4 6 7 C3 ]
	[ 1 2 3 4 6 7 C3 Cs ]
	[ 1 2 3 4 6 7 [C4 x] ]
	[ 1 2 3 5 6 8 C5 ]
	[ 1 3 4 5 6 Eb Cs ]
	[ 1 2 3 4 5 7 C3 Cs ]
	[ x 2 3 4 7 ]
	[ 1 2 3 5 6 7 C5 Cs ]
	[ 1 2 3 4 5 6 Ta Bb ]
	[ 2 3 4 5 6 8 ]
	[ 1 2 3 5 6 7 C5 ]
	[ 1 2 3 4 5 C4 ]
	[ 1 2 3 5 6 8 C5 Eb ]
	[ 1 2 3 4 5 7 C3 ]
	[ 1 2 4 5 6 8 Eb Bb ]
	[ 1 2 3 4 5 7 C2 Bb ]
	[ 1 2 3 4 5 6 C2 Tf B ]
	[ 2 3 4 5 6 8 ]
]
[
	[ 1 2 8 C3 ]
	[ 1 2 8 C3 Gs ]
	[ x 3 4 5 6 7 Bb ]
	[ 2 3 5 ]
	[ 1 8 Ta C5 ]
	[ x 8 C3 ]
	[ 1 2 4 8 C5 ]
	[ x 2 8 ]
	[ x 2 8 Ta ]
	[ x 2 3 4 7 ]
	[ 1 8 p C3 ]
	[ x 4 8 Tc ]
	[ 1 2 3 C1 ]
	[ 1 2 3 C2 Gs ]
	[ 1 2 3 4 6 7 ]
	[ 1 2 3 4 6 7 ]
	[ 2 3 4 5 6 ]
	[ 1 2 3 4 7 C5 Bb ]
	[ 1 2 3 6 7 8 ]
	[ 1 2 3 4 6 Ta Bb ]
	[ 1 2 3 5 6 Bb ]
	[ 1 2 3 4 5 6 C1 Tf Bb ]
	[ 1 2 3 4 5 6 Tf Bb ]
	[ 1 8 C3 ]
	[ 1 8 C3 Tc ]
	[ 8 C1 C2 C3 C4 C5 ]
	[ 8 C1 C2 C3 C4 ]
	[ 8 C1 C2 C3 ]
	[ 8 C1 C2 ]
	[ 8 C1 ]
	[ 2 3 4 6 7 Tf Bb ]
	[ 1 2 3 5 6 7 C1 ] 
	[ 1 2 3 5 6 7 C2 ]
]
